0.339001454 -0.9988802342308463 -0.04285929681482691 -0.0151342939563097 0.013126746966116156
0.379635742 -0.9988801094191995 -0.042875038417236846 -0.015154376658759315 0.013061506631814435
0.420404266 -0.9988781845904147 -0.04292401507737094 -0.015163797308987327 0.013036891123540966
0.460965207 -0.9988799523091073 -0.04289763684058006 -0.015121120697209625 0.013037842509767052
0.501662566 -0.9988811010909764 -0.04288025745660872 -0.015116209960623243 0.01301267075429972
0.542546741 -0.9988807325515558 -0.04290125755142515 -0.015112113514210749 0.01297645031998419
0.583029422 -0.9988790509676622 -0.04294629319453951 -0.015129227257047245 0.012936920862237359
0.623718279 -0.9988806466884332 -0.04293591799838774 -0.015123263515161649 0.01285486357703348
0.664387336 -0.9988803677310143 -0.04295075405599627 -0.015133105800705171 0.01281533442403023
0.705186551 -0.9988781315808652 -0.043010384551754134 -0.015158801932327635 0.012759145512391499
0.745850884 -0.9988808785233682 -0.04295956811585449 -0.01516434217412915 0.012708609448303303
0.786749916 -0.9988811399704077 -0.04295937783816668 -0.015196623136869362 0.012650008395739296
0.827435696 -0.9988815574183499 -0.042954136216688366 -0.015220947652251566 0.012605521962113373
0.868023903 -0.9988826790459083 -0.04293754780393802 -0.015211398365935143 0.012584667274356505
0.908554533 -0.9988858239307945 -0.042882091062513825 -0.01520797268968084 0.012528151614422172
0.949362925 -0.9988854853108693 -0.0428978262359232 -0.015239737724272139 0.012462509121241418
0.989970567 -0.9988857846452537 -0.042906722339739016 -0.015228013419560777 0.01242215838693149
1.030652462 -0.9988866952218013 -0.042920027908979606 -0.015203709900260274 0.012332417379794576
1.071354384 -0.9988857486530914 -0.04294496996711003 -0.015215468333094642 0.012307729915852855
1.112070478 -0.9988867380927419 -0.04292214629426644 -0.015232680863732537 0.012285733744445314
1.152777909 -0.9988892994189671 -0.042865657172612655 -0.015259765456943668 0.012241017100074136
1.193669437 -0.9988887175685196 -0.042900065908718824 -0.015223799401022925 0.01221270613513698
1.234270956 -0.9988864807960928 -0.04296575732393633 -0.015236898100183038 0.012148214546271479
1.275152229 -0.9988900275193345 -0.04291240945819802 -0.015206044534859346 0.012083635484361826
1.315710288 -0.9988916676156392 -0.042892733370245545 -0.015178983156150247 0.012051898706087558
1.356344723 -0.9988927826571933 -0.04289344488756428 -0.015156117351073967 0.011985543287111504
1.396994176 -0.9988933587066438 -0.04288697393407886 -0.015171673096201058 0.01194092684845346
1.437676629 -0.9988939792855142 -0.04288016254732726 -0.015191905627798454 0.01188763266852161
1.478381448 -0.9988947162748996 -0.04286572694438216 -0.015200611266906255 0.011866619937036723
1.519253709 -0.9988956311142976 -0.04285542802997688 -0.015197038154591822 0.011831333841313877
1.559777164 -0.9988938350427187 -0.042899709134975005 -0.01522008784703882 0.011792802708133094
1.600436313 -0.9988946462787877 -0.04288787815807736 -0.01524539805775472 0.01173428228458953
1.641127408 -0.9988940828783225 -0.042907972151027395 -0.015239507036011768 0.011716421888150225
1.681829755 -0.9988964597121254 -0.04286595669937598 -0.015236561563062375 0.011671320515037217
1.722514125 -0.998893227366401 -0.042955435867461166 -0.015232684051391724 0.01162394887989841
1.763193153 -0.998893190599232 -0.04296347070703053 -0.015236671719253409 0.011592143641808952
1.803917283 -0.9988926629078012 -0.04298574993316149 -0.015240095211175163 0.011550445428630736
1.844704016 -0.9988920818975441 -0.04300038557906547 -0.015271674795782867 0.01150441269137232
1.885300954 -0.998890934111896 -0.04304091839061449 -0.015292022909436395 0.011425197087734217
1.926002729 -0.9988943374270569 -0.042992395880966365 -0.01526000648648878 0.011352918329999769
1.966695659 -0.9988960661266187 -0.04295263821013267 -0.015251711479057243 0.011362448878410097
2.007406913 -0.9988969423625781 -0.042928366924875457 -0.015271063235837571 0.011351144413795708
2.048079055 -0.9988980529167223 -0.042889547049536236 -0.015281452986109004 0.01138612434939923
2.088923927 -0.9988901473042763 -0.042938731334862805 -0.015301770037166196 0.01185726796203743
2.129513603 -0.9988785884259231 -0.042743844051176635 -0.015359210402140026 0.013365030332428193
2.170164753 -0.9988839412356947 -0.04269885625995508 -0.015405743934974445 0.013051538964697075
2.210887313 -0.9988815655460052 -0.04277287504684604 -0.015348686706330055 0.013058215382653492
2.251583074 -0.9988846486875034 -0.04273318720095835 -0.015360492305272616 0.01293787479574484
2.292334543 -0.9988803365442748 -0.04279577319830005 -0.015419088128121598 0.01299410569655486
2.33298547 -0.9988819433666281 -0.042804433998168294 -0.015348129313973747 0.012925887697418361
2.373666272 -0.9988835349258027 -0.042817198684002376 -0.015337512547912054 0.012772308320340988
2.41437354 -0.9988815921006312 -0.04283996294559053 -0.015394206059438498 0.012779708804510903
2.455072071 -0.9988791671542486 -0.042892655137698715 -0.015388955556080273 0.012798812732679675
2.495876229 -0.9988821502432517 -0.04287209403867947 -0.01538706192003126 0.012636130880358299
2.536575115 -0.9988806043692938 -0.04289427008771399 -0.015402636909871875 0.01266406667304139
2.577140169 -0.9988839514097918 -0.042813321056588895 -0.015452241324354223 0.012613460830407246
2.617878467 -0.9988869338168379 -0.04275080494515459 -0.01548513905736576 0.012548808505656522
2.658553825 -0.9988879211945035 -0.042734298812000554 -0.015460383816208106 0.012556955404293307
2.699237928 -0.9988896846257609 -0.04272089020752169 -0.015478306385617788 0.012439675219141891
2.739955001 -0.9988911405116737 -0.04268591872600495 -0.015516931614024683 0.01239461911840512
2.780659878 -0.9988906191775203 -0.042695467381518276 -0.015547302037551676 0.01236565338253107
2.821484387 -0.9988904119364734 -0.04270919013317628 -0.015576830307633892 0.012297657383336312
2.862034167 -0.9988910172021362 -0.042713467735624545 -0.01555614659611099 0.012259760599601766
2.902863882 -0.9988901252140796 -0.04272883520274074 -0.015583869417487673 0.012243667995986241
2.943450304 -0.9988841988211911 -0.04278899504951373 -0.015540594603635114 0.012567782913682152
2.984123042 -0.9988702668320152 -0.04267925825835379 -0.015594791106782567 0.013909473167272337
3.024839994 -0.9988734939185347 -0.042696388725945056 -0.015608033593877944 0.013607013782385161
3.065622155 -0.9988706320574141 -0.042774722422169266 -0.015580851249155425 0.013602228099842455
3.10631941 -0.9988744873331558 -0.04271809744870001 -0.015632429906663216 0.013436883585930684
3.147070671 -0.9988709898849767 -0.0427862757898625 -0.015637861038770167 0.013473584243723578
3.18764127 -0.9988731250856513 -0.04275962137470185 -0.015632042424341273 0.013406491381431266
3.22834511 -0.9988776163552809 -0.0426799910177194 -0.015651785334912384 0.013302162491466506
3.269047031 -0.9988789403094236 -0.042649537075064706 -0.015653115993501887 0.013298855337946376
3.309722335 -0.998878370357709 -0.04268577403322985 -0.015609771771875836 0.013276330514923416
3.350503666 -0.9988801371788465 -0.042662203461141406 -0.01562922492846577 0.013196032492548155
3.391096201 -0.9988813266401617 -0.042661891842419655 -0.015549168088694366 0.013201577396882956
3.431832804 -0.9988805375102707 -0.042702260459917485 -0.01555592759347278 0.013122570308918134
3.472601067 -0.998881206281756 -0.042713453990417566 -0.015550374663334069 0.013041565593998316
3.513321682 -0.9988825920633302 -0.04269930274672381 -0.015527223610472709 0.013009309925455726
3.553966353 -0.9988830882999338 -0.042710389617258745 -0.015557297770297678 0.01289841126708994
3.594632572 -0.9988841574387515 -0.04269858964254546 -0.015572328697273138 0.012836395107555857
3.635450608 -0.9988835378988067 -0.04272242329490854 -0.015592285842653153 0.01278095789739345
3.676016588 -0.9988845494949132 -0.04271576221211028 -0.015618899575019633 0.012691351978736817
3.716701526 -0.9988834859554281 -0.042753904765506404 -0.015632487959856094 0.012629743980745478
3.757489876 -0.9988849381581103 -0.04273133460441815 -0.015637713386467095 0.012584724225661138
3.798193574 -0.9988853274195908 -0.04271934839079547 -0.015682947349088868 0.012538145850502893
3.838792121 -0.9988853637214818 -0.04272376614697051 -0.01569733286898095 0.012502147416440259
3.879642717 -0.998885170656768 -0.04273667966120604 -0.015715067234688868 0.012451052780559867
3.920187328 -0.9988842424105826 -0.042771079247440794 -0.015689879291478834 0.0124391612122556
3.960898272 -0.9988835071078166 -0.04277807501519185 -0.01570934043501029 0.01244958429346745
4.00164711 -0.998884829779703 -0.04277252573080385 -0.015678992898764538 0.012400687894705545
4.042263541 -0.998881532779795 -0.04278315869186711 -0.01567363951796465 0.012634153240120122
4.083022299 -0.9988654981169904 -0.04261794398443154 -0.01567626638658629 0.014341624531873313
4.1238516 -0.9988484792303705 -0.04246955687332759 -0.015683508103859333 0.015877022759808804
4.164568375 -0.998838890118434 -0.04257238265605838 -0.015748678292755298 0.016138245071647555
4.205067201 -0.9988381332826548 -0.04237175646282762 -0.015795128678865303 0.01665928163800346
4.245787941 -0.9988246989390961 -0.042449109599648364 -0.015978059072680493 0.01708787616092331
4.286489492 -0.9988303734414037 -0.04243928738120786 -0.01574975036458712 0.01699227297727697
4.327263611 -0.9988330920326842 -0.04238093358194816 -0.015865433743301644 0.016870054572724794
4.367947492 -0.9988382751263084 -0.04229893841018763 -0.015795208267410592 0.01683482544789745
4.40871519 -0.9988344095907513 -0.04236681584205371 -0.015810757935595887 0.01687883486508528
4.44925337 -0.9988358627143605 -0.04237321973417361 -0.01584228030656726 0.016746693993344147
4.489931582 -0.9988319757242279 -0.04246953850228293 -0.015872728632567227 0.01670565940020172
4.530689057 -0.9988338040800508 -0.042439317862355996 -0.015886049164689976 0.016660419211097965
4.571346358 -0.9988340886651519 -0.04246344327711521 -0.015911437622832675 0.016557338502353317
4.612053588 -0.9988342393686928 -0.042481542403511464 -0.01590509707316169 0.016507837740808672
4.652736547 -0.9988354806840857 -0.042456895115299244 -0.01591737427415963 0.01648428888294158
4.693445608 -0.9988371169567091 -0.042440653226908355 -0.015950892757504543 0.01639432107533967
4.73411989 -0.9988400963629112 -0.0423884824444991 -0.01594608369134569 0.016352396420445822
4.774841114 -0.9988387782872176 -0.04241005113475239 -0.015980378872011147 0.016343501569530842
4.815537314 -0.9988452304852353 -0.04229004016788783 -0.015968087151835172 0.01627200762680923
4.856215164 -0.9988470494559895 -0.04226705623871117 -0.015953167840535024 0.01623466001583089
4.896934629 -0.9988502306370657 -0.04221340046275142 -0.015933785179379288 0.016197532759938738
4.937633276 -0.9988502707636595 -0.04223347937361111 -0.015935323795733085 0.016141105008272028
4.978306564 -0.998853030019177 -0.042188405080543535 -0.01589577135119353 0.01612722392166671
5.019021434 -0.9988556633487397 -0.04216602477551131 -0.0158874062663864 0.016030610497019093
5.059725689 -0.9988567781365025 -0.04215532765148167 -0.015902423154920492 0.01597429369843818
5.100414326 -0.998856820148602 -0.04218739672957537 -0.015892651740072178 0.015896541148106156
5.141112605 -0.9988550092963125 -0.04225499792708181 -0.015909632438069112 0.015813574849831372
5.181822103 -0.9988556490476516 -0.04226653160379616 -0.015921480092920326 0.015730198454910832
5.222513351 -0.9988546141763232 -0.0423148210677807 -0.01589788970095965 0.015689893553701206
5.263207998 -0.9988556600845838 -0.04234234111579832 -0.01584621755047412 0.015601085063759694
5.303905589 -0.9988610632330245 -0.04224377510744825 -0.015838428253721826 0.015530100196552486
5.344642738 -0.9988599097176009 -0.04227330967922948 -0.015876189950238283 0.01548530401297281
5.385405465 -0.9988619612960696 -0.04224423793367005 -0.01588124236889457 0.015427014552175941
5.426072789 -0.9988655201355807 -0.04218479299176017 -0.01586161070481933 0.015379376787337438
5.466742283 -0.9988661206709345 -0.04218451504899825 -0.0158573104928726 0.015345532568524447
5.507478166 -0.9988693504389695 -0.04213686891499739 -0.01583325153273019 0.015290950839396503
5.548171698 -0.9988674476654971 -0.042175025660724834 -0.0158714902398705 0.015270396271819071
5.588873604 -0.9988648480547332 -0.04223712672964422 -0.015907384409272234 0.015231400706251714
5.629483264 -0.9988674232318052 -0.04219851814415271 -0.015859785683437638 0.015219167873661002
5.670188171 -0.9988696421395461 -0.04217681004667539 -0.015850128712462764 0.015143583661081855
5.710894526 -0.998871666893236 -0.042177122371495276 -0.015819341855208814 0.015041005606537003
5.751575839 -0.9988721662146651 -0.04218886270841741 -0.01580924868816947 0.014985428953102814
5.7922622 -0.9988718503139083 -0.042212459166817144 -0.015818222201800618 0.014930465094334726
5.833002272 -0.9988723937629431 -0.04224279575449413 -0.01578620970958766 0.014841926025187547
5.873674353 -0.998872840541723 -0.04225299615165132 -0.015799284111196632 0.014768729325575236
5.914427068 -0.9988761046569762 -0.04220233867919169 -0.015767887271651973 0.014726299137966133
5.955100253 -0.9988765279856449 -0.04219694167024748 -0.01577091861932094 0.014709795339283583
5.99578613 -0.9988782872049196 -0.04217043745110358 -0.015765495195203046 0.01467210676756679
6.036477279 -0.9988796525121272 -0.042169636975390355 -0.015719513733699054 0.014630734861655573
6.077218476 -0.9988812689289583 -0.04214172272398959 -0.01572810718629814 0.014591519217159987
6.117863938 -0.9988846041767635 -0.04207744996889237 -0.015721302979141986 0.014555973872746195
6.158584339 -0.9988871256910874 -0.04205002479257255 -0.015708478956817172 0.014475815431438962
6.199263877 -0.9988891950693396 -0.04201900970182611 -0.01569162790351706 0.014441316115302428
6.239988747 -0.9988878939351215 -0.042043656581864555 -0.015737728590619976 0.014409378539401186
6.280644863 -0.9988906091810228 -0.04198356671628943 -0.01575714295853271 0.014375098661520312
6.321448517 -0.9988903479159881 -0.04201817806448138 -0.015733091857879754 0.014318357901988888
6.362074016 -0.9988914619667821 -0.042018767604758145 -0.01571308670189114 0.014260760328291287
6.402752646 -0.9988919135763101 -0.04202938651757229 -0.015712993318312777 0.014197799188340805
6.443460648 -0.9988925842354421 -0.04204247369441335 -0.015691572899834666 0.014135420228064894
6.484148212 -0.9988927659651757 -0.0420545347515775 -0.01568926995171864 0.014089180872250731
6.524883028 -0.9988931228313065 -0.0420612400565948 -0.01569014947311643 0.014042807936208523
6.565699845 -0.9988950273606191 -0.042005996477329555 -0.015708055563050893 0.014052671084267346
6.606328015 -0.9988973734817975 -0.04196307153817902 -0.01571712372918461 0.014003924447436445
6.647041157 -0.9988977118453415 -0.04196120952086107 -0.01573791824249381 0.013961951693090748
6.687741856 -0.9988976134011274 -0.04195766986896959 -0.01577988899945854 0.013932228244730355
6.728407956 -0.998897875231668 -0.041948482859361355 -0.015819701789244623 0.013895923098391941
6.769323338 -0.9988984256843764 -0.04193290017769261 -0.01585253835213768 0.013865932199316597
6.809820021 -0.9988988452366087 -0.041943600830253204 -0.01585079952006891 0.013805197895604209
6.850424884 -0.998901791388915 -0.04189091929798895 -0.015805980111390134 0.013803370353074806
6.891099075 -0.9989007800148304 -0.04193052770810743 -0.01582131689832911 0.013738575744441008
6.931802258 -0.9988987348858851 -0.042010037789939086 -0.015807652498449818 0.013659878870422108
6.972510318 -0.9988962441314085 -0.04206421348401389 -0.015840019997012324 0.013637784667275738
7.013192496 -0.9988978452009764 -0.042054675590959364 -0.015816658924147093 0.013576907389487084
7.054013919 -0.9988993739853864 -0.042043777431347976 -0.01579856384344513 0.013519127612049481
7.094617552 -0.99890108827488 -0.042007873921261076 -0.015828553198794938 0.013468900308070155
7.135416719 -0.9989032322402245 -0.041960215434115274 -0.015820057669060066 0.013468434062737804
7.176196958 -0.9989070957580632 -0.041893722458588654 -0.01580514426873687 0.013406247700184991
7.216699738 -0.9989057249224922 -0.04190920832588338 -0.015850662602415706 0.013406247410537907
7.257403891 -0.9989061030016211 -0.041925891454116335 -0.015850528312762725 0.013325830709521863
7.298176377 -0.998905464878174 -0.0419496877823257 -0.015861416682476044 0.013285759003880664
7.339129565 -0.9989072098641327 -0.04191704365321653 -0.01585571168251264 0.013264386147456451
7.37950268 -0.9989078349308977 -0.04192698150174775 -0.015818485180138033 0.013230308478052108
7.420345543 -0.9989083409169266 -0.04190898081318647 -0.015859167995631075 0.01320040015603331
7.460975123 -0.9989091846079436 -0.041899937704032594 -0.015866508735846673 0.013156368299289794
7.501662759 -0.9989099028310694 -0.041897313655212716 -0.015862270153174162 0.01311523999353232
7.542386081 -0.9989081756177235 -0.04195277187206846 -0.015860840623115137 0.0130711648696547
7.582999834 -0.9989064139884376 -0.04198811690915769 -0.015904561460665143 0.013039135551364609
7.623678165 -0.9989076553009928 -0.04196772572113374 -0.015903265092660233 0.013011238921072855
7.664380166 -0.9989068778606223 -0.041944975827232736 -0.015942443696113473 0.013096062560662314
7.705051844 -0.9988981090487095 -0.041882311067967706 -0.015895910277910943 0.013991418618395292
7.745881919 -0.9988858893792483 -0.04190882322435661 -0.016070467603737187 0.014572940882844661
7.786475059 -0.9988944746953413 -0.04179774015453611 -0.01600022382902218 0.014379505503079535
7.827165338 -0.998893646865299 -0.041812378461380334 -0.01605941890730122 0.014328374782414787
7.867979184 -0.9988940581710714 -0.04185210821471679 -0.015924736197412935 0.014334028238940168
7.908569491 -0.9988915029131943 -0.04185520109169556 -0.016115310711753504 0.014290007349804993
7.949311498 -0.9988953056969285 -0.04183812086257318 -0.016022749037319393 0.014177849364964175
7.989971972 -0.9988938902927965 -0.04190305676674048 -0.015992701713853356 0.014119605561693256
8.030763524 -0.9988956600556655 -0.04186826937445562 -0.016034549668361563 0.014049966493805037
8.071435575 -0.9988926418361805 -0.041962115324066025 -0.01603626064615318 0.013982464287612881
8.112323 -0.9988951657588732 -0.04193513465841475 -0.01599355975262258 0.013931918431189044
8.152843703 -0.9988980597510055 -0.04187728017275542 -0.015981380307854714 0.01391240865073118
8.193593417 -0.9988968366826858 -0.041938314465348354 -0.01596970491670915 0.013829532530157292
8.234423029 -0.9988946337473199 -0.04199605803546219 -0.016003808132443217 0.013773884911295716
8.274925039 -0.9988963777266764 -0.04197501890013587 -0.0159988047271332 0.013717237337061027
8.315547882 -0.9988956971461289 -0.04201042782082698 -0.016024461437589874 0.013628162491526806
8.356226869 -0.9988963891525349 -0.04201123904551006 -0.016017825620443297 0.013582665212753586
8.396935987 -0.9988954931705654 -0.04204195785302679 -0.016037755384707423 0.01352988934313769
8.4376283 -0.9988978661623249 -0.04199053230253559 -0.01606982594427158 0.013476233428695677
8.478312621 -0.9989006895181796 -0.041921732239651566 -0.01611075526447364 0.01343221541446869
8.519156676 -0.9988996221247293 -0.041960838295519394 -0.01612612748889988 0.013370900523976482
8.559855433 -0.9989010133201668 -0.04194099814103704 -0.01611990209328102 0.013336679473561782
8.600419208 -0.998900182496812 -0.04198483772239064 -0.01611546175408887 0.013266148714401153
8.641195815 -0.9989007441596165 -0.041993480736290216 -0.01609878211113555 0.013216660226904969
8.681814281 -0.9989031564104345 -0.041961200094061554 -0.016099207062263247 0.013136107943512427
8.72251576 -0.9989012117437108 -0.04200258213104603 -0.016148912146047745 0.013090641992287183
8.763276994 -0.9989026283260108 -0.041994891570412994 -0.016157144104357226 0.012996726501997227
8.803916429 -0.9989031131121737 -0.041987812102068534 -0.016174093825432043 0.012961208995126991
8.844710785 -0.9989038878310061 -0.04199822939700744 -0.016140537760023048 0.012909478859910338
8.885322327 -0.9989053389173517 -0.0419634443842398 -0.016172234384443276 0.0128705886748094
8.926013364 -0.9989076114195021 -0.04192158353225854 -0.016166647449107605 0.01283760852297448
8.966726205 -0.998908645779851 -0.041910900974099205 -0.016164293444533448 0.012794896765607152
9.007383743 -0.9989090792753198 -0.04191174362685449 -0.016166640711341048 0.012755266190871705
9.048171916 -0.9989105745878161 -0.041878277463070275 -0.016198345357117245 0.012707771679439747
9.088800633 -0.9989114963754961 -0.04185796479777316 -0.01621586333210992 0.012679864677897269
9.129592027 -0.9989085397759483 -0.04191474760374943 -0.016267868643261477 0.01265857597844501
9.170550863 -0.9989083305461798 -0.04196201055559691 -0.016209947910573203 0.012592633732168285
9.210901699 -0.9989093158197359 -0.04193204483906652 -0.016240892598911007 0.012574410195004201
9.251619259 -0.9989109907888806 -0.04191030091356985 -0.016243881000057473 0.012509815688763845
9.292373791 -0.9989127590886552 -0.041873706940335056 -0.01626509963135278 0.012463503959454213
9.333048215 -0.998915012899649 -0.04184364795148777 -0.0162266626724058 0.012433887096238272
9.373801379 -0.9989145262867644 -0.04186122865327983 -0.016237403778110306 0.012399734975931435
9.414610547 -0.9989128791077585 -0.0419193697249446 -0.016227722244117126 0.012348579889189708
9.455081337 -0.9989121852904779 -0.04191371990220373 -0.016244900885486874 0.012401183708916708
9.496076445 -0.9989144639222455 -0.041855889235290905 -0.016238664878017745 0.012421113727657179
9.536896842 -0.9989098696315691 -0.04183480010136628 -0.016238355840205124 0.012854479869959636
9.577237146 -0.9989017525940003 -0.04176484084336723 -0.01627972268521121 0.013636618468502854
9.617971796 -0.9989055397278895 -0.041745707910898155 -0.016279611334136797 0.013416140531507421
9.658577363 -0.9989019854980232 -0.04183850556163188 -0.016271698328247878 0.0134012929969783
9.699289062 -0.9989047203663591 -0.0417957183460441 -0.01624006970179329 0.013369281724350375
9.740183271 -0.9989028649373615 -0.041822814908900184 -0.016325180581986835 0.013319423861135878
9.780758683 -0.9989025302456274 -0.041894635627236325 -0.016234406671511013 0.013229460101168912
9.821431587 -0.9989021144472974 -0.0419025176364671 -0.016250395878439492 0.013216255227483063
9.862098498 -0.998906449926034 -0.04182615399602258 -0.016255926814520018 0.013123337283999913
9.902818997 -0.9989075842018392 -0.04180559910952389 -0.016260033969676103 0.013097381510982936
9.943580155 -0.998910762739768 -0.04176594955528472 -0.016231238188144155 0.013016929256943685
9.984140898 -0.9989120739224718 -0.04175001819416954 -0.01623211607786508 0.012966223826823131
10.024863116 -0.9989115212696825 -0.04177691008699057 -0.01621786632044584 0.012939987259813072
10.065551671 -0.9989100281264989 -0.04182687720842127 -0.016232044903344525 0.012875898786672335
10.10623375 -0.9989093738768013 -0.04184732254568786 -0.0162459669195147 0.01284262183761249
10.146944591 -0.9989133352878533 -0.0417788603062275 -0.01621946801412567 0.012790788597583544
10.187691703 -0.9989147718054152 -0.04176364074479781 -0.01618820615644378 0.012767887926795111
10.22840054 -0.9989153692699175 -0.04177421339859322 -0.01616770998064722 0.012712406745178666
10.269189269 -0.9989160828841144 -0.04175952981654606 -0.016175561283840206 0.012694575302509474
10.309860342 -0.998915046718523 -0.041797199573540146 -0.016196602319350443 0.012625118631108276
10.350530197 -0.9989143970834505 -0.04180385275845073 -0.016259934549033662 0.012572975877549181
10.391217997 -0.9989135140843765 -0.04181996495524924 -0.01629623415078563 0.012542514231468028
10.431820687 -0.9989174220070658 -0.041756742757070434 -0.016280453957276352 0.012462153265892574
10.47260315 -0.9989207374644544 -0.041696623146124746 -0.01627005719068403 0.012411169191194324
10.513214921 -0.9989200973784688 -0.04172511980798999 -0.016258304475379654 0.012382284360536368
10.553916005 -0.99892059473575 -0.041730841260612585 -0.016251413490999407 0.012331823060747442
10.594722274 -0.9989213589971933 -0.041724652333645515 -0.016258433626850522 0.012281500838180588
10.635301292 -0.9989222780673556 -0.04171983355348384 -0.01626248216799051 0.012217591527396002
10.676000732 -0.9989235011767258 -0.041704536162855604 -0.01626078250364512 0.012171992960983202
10.716709492 -0.9989235635244575 -0.04171879686214962 -0.016262742930106294 0.012115255521981578
10.757410106 -0.998922111928031 -0.041749505561416454 -0.016294396222398394 0.012086593331745863
10.798101047 -0.9989243382684004 -0.04170512109276361 -0.016313009455833805 0.012030586526443182
10.83881786 -0.9989246240399259 -0.041694050322441015 -0.016352348408319107 0.011991762002945687
10.879501673 -0.9989270743883428 -0.04166506556997047 -0.01632719722382258 0.01192245762461581
10.920195561 -0.9989262498769168 -0.04169566294948485 -0.01632298309251857 0.011890299449710977
10.961012976 -0.9989284711039037 -0.04166600802130605 -0.016302616927856766 0.01183545837260196
11.001584015 -0.9989305277461549 -0.04164052905238358 -0.016298546451845104 0.011756889919664426
11.042285711 -0.9989295951493024 -0.04166469220040576 -0.01633398816059309 0.011701204616012319
11.082965542 -0.9989305196270915 -0.041649933443645655 -0.016341589929179192 0.011664151931256191
11.123765047 -0.99892709831426 -0.04172874585660423 -0.016367328569996006 0.01163935471448199
11.164489887 -0.9989265896962866 -0.04174297919537237 -0.016412539351184988 0.011568087036640771
11.205080796 -0.9989285999958767 -0.04170026525063415 -0.016422363534483297 0.011534555225322164
11.245797424 -0.9989268089593262 -0.04173231484843063 -0.016449991636114412 0.011534384027813652
11.28656112 -0.9989294999736732 -0.0416748645034784 -0.016446194253946483 0.011514445081089338
11.327146749 -0.9989292900845309 -0.04167522562122064 -0.016473604158612713 0.011492142822859151
11.367980895 -0.9989305061708543 -0.04167332435019296 -0.016467428403817912 0.011401827950351716
11.408563198 -0.9989290684972734 -0.04171996810524573 -0.01647098556390164 0.01135196049238393
11.449250096 -0.9989290908625843 -0.041721548550383264 -0.016501484159630472 0.011299771481689163
11.489967887 -0.9989261848046643 -0.041796513909404746 -0.016506252329934194 0.011272638140166092
11.530748644 -0.9989283149595406 -0.04176178254397116 -0.01650364842825541 0.011216268514952036
11.571453328 -0.998928602546296 -0.04176765122328196 -0.016488061851125176 0.01119169971844208
11.612130572 -0.9989289381451529 -0.0417762951210948 -0.016475178430054627 0.011148371982056916
11.652831838 -0.9989327754027247 -0.0417085193720368 -0.016445083765104278 0.011102650942931867
11.693494351 -0.9989349189514626 -0.04169292330333545 -0.01640684172565234 0.011024671897450326
11.735166732 -0.9989365581715691 -0.04167646399873692 -0.016390317958967362 0.010962781312479294
11.774860683 -0.9989359038501135 -0.04168961598040125 -0.016421748288506188 0.010925296413022452
11.815618919 -0.9989377407263214 -0.04167619284467779 -0.016394194612729004 0.010849676749374685
11.856243263 -0.9989403096541465 -0.04163007217064098 -0.016375506928127122 0.01081839230163585
11.897208176 -0.9989373137101536 -0.04171121737114834 -0.016388892105112976 0.010762055497252785
11.938051377 -0.9989363723519111 -0.041734906834684046 -0.016408433378537268 0.010727761088234691
11.978443839 -0.9989357237369025 -0.041775976846570764 -0.016388905282548168 0.010657925895085019
12.019299341 -0.9989366016850187 -0.04178149279761466 -0.016354791696412324 0.010606293516400907
12.059726147 -0.9989344246709216 -0.041830707011452736 -0.016386007619358805 0.010569101787525029
12.100428123 -0.9989336849675418 -0.04185055406776032 -0.016402836263671464 0.010534283264501936
12.141106164 -0.998932047059199 -0.041899385743361384 -0.016413785577781993 0.010478285902459082
12.181827987 -0.9989321350308552 -0.041907779284656985 -0.01640297666245165 0.010453228914394635
12.222532325 -0.9989373904547323 -0.04180844209005665 -0.016379669323546675 0.010385112148807156
12.263221043 -0.9989388361707237 -0.041794711838570926 -0.016362925001607773 0.010327552352933958
12.303939106 -0.9989419829364817 -0.04174738473377628 -0.016332457485769974 0.010262622827294702
12.344731498 -0.9989435250351509 -0.04172848010885296 -0.016316980134787884 0.010213907060131503
12.385376832 -0.9989433775512828 -0.04174960505235859 -0.016322694999551825 0.010132549154029584
12.42601626 -0.9989439896353488 -0.04174355377591706 -0.01633177160076434 0.010082386917278661
12.466708127 -0.9989427560677216 -0.04177220664066087 -0.016364926728415986 0.010032049908569107
12.507404785 -0.9989417066974321 -0.04179435015560066 -0.016391016933491438 0.01000167382883322
12.548079502 -0.9989368858220324 -0.04190333031221102 -0.016426892956091337 0.009968261670644947
12.588900551 -0.9989368058024934 -0.04191831281077883 -0.01642013395604276 0.009924326933093546
12.629571984 -0.9989386135555673 -0.041893787282216585 -0.0164081883854754 0.009865510059799052
12.670185382 -0.9989389240920583 -0.04189602720251406 -0.016419183192082836 0.00980608289542966
12.710873935 -0.9989366726793389 -0.041950105625136846 -0.016436857096704997 0.009774576366954838
12.751589438 -0.9989365287586387 -0.04195978708333363 -0.016450976115148685 0.00972384514590963
12.792370307 -0.9989353222737745 -0.042011518276330734 -0.016429253189643753 0.009660946410082338
12.832971503 -0.998935171700388 -0.04201379480794552 -0.01645759136786483 0.009618288419481815
12.873733485 -0.9989391256203313 -0.04195355399820612 -0.01640386901567129 0.009562201269799982
12.91445433 -0.9989406649454331 -0.04192070289831827 -0.016414404490665 0.009527324498708772
12.955143287 -0.9989440651615089 -0.04185315028895054 -0.016395843353569188 0.009499726849482904
12.995868377 -0.9989447571108182 -0.04185840250797631 -0.01637576028380111 0.009438265487690617
13.036471423 -0.9989456698152452 -0.0418587636823862 -0.01632904197338388 0.00942098978796133
13.077228487 -0.9989468585864189 -0.041836416069073123 -0.016330923093952954 0.009390897812249329
13.117887116 -0.9989454567721846 -0.04187708016002403 -0.016331922831453446 0.009356967890816466
13.158598005 -0.9989450432738574 -0.041900054983433285 -0.016333711678259217 0.009294932694096035
13.19925306 -0.998944211737297 -0.04191528387674271 -0.016364850595751664 0.009260803370191199
13.239963828 -0.9989453253023877 -0.0419011920791165 -0.016358482095439796 0.009215596691968787
13.280651102 -0.9989440075499099 -0.04193359764905172 -0.016357954349889733 0.009211975782638703
13.321457902 -0.9989457633384538 -0.041919106779440427 -0.016318038971711524 0.009158165705287135
13.36214884 -0.998943729356155 -0.04196708933139841 -0.016334708518700468 0.009130514261334249
13.402887466 -0.9989429785408472 -0.04197428899676822 -0.016381364794002335 0.00909590977539083
13.443526284 -0.9989424744863786 -0.04197635922036902 -0.01641176517119251 0.009086908032933928
13.484189167 -0.998942351683444 -0.041978131773888615 -0.016416998902396233 0.009082764610135359
13.524919754 -0.9989429181325113 -0.041943663087065264 -0.01645561683132278 0.009109781251069817
13.565543276 -0.998943067910053 -0.04192958671264507 -0.016430561786728016 0.00920290562433291
13.60623497 -0.9989373906260464 -0.04188314564033788 -0.016325960917963057 0.010166352374436442
13.646955956 -0.998918468241927 -0.04190198791214886 -0.016465992457935247 0.011618446823380061
13.687639001 -0.9989179289910632 -0.04155725177029098 -0.016491798237171177 0.0128057235801104
13.728439309 -0.9989233683452335 -0.041495809056149496 -0.01655896994230691 0.012490096838622962
13.769116713 -0.9989185320095232 -0.041665077745911785 -0.016399455030274623 0.012523800504488536
13.809818881 -0.9989205151296745 -0.041626361105796296 -0.01644303992100564 0.012436918923588586
13.850776511 -0.9989201556026005 -0.041625218358912607 -0.016495469634001354 0.012400137459040745
13.89118746 -0.9989197312363186 -0.04170033537713913 -0.016382181505908276 0.012331938424375615
13.931865744 -0.9989183122091504 -0.04170234711585263 -0.016463831888325408 0.012331342903523966
13.972525536 -0.9989229728346477 -0.04160719946309789 -0.016470841058362103 0.012265671235525395
14.013544344 -0.9989213580516673 -0.04166008631805507 -0.016442515225234693 0.01225566519013729
14.054160232 -0.9989220471497673 -0.041642806225029014 -0.01647697631343955 0.012211865516334896
14.094625644 -0.9989210340554177 -0.0416703750350371 -0.016489083132703187 0.012184322038475153
14.135322919 -0.9989235758742709 -0.041632931573474474 -0.016475768733204384 0.012121782699263528
14.176038443 -0.9989240237858948 -0.041621135637100765 -0.01650839127918137 0.012080926663482833
14.216981827 -0.9989237899810517 -0.04164268428146654 -0.016500592547852157 0.012036573486482727
14.257533801 -0.9989226251473728 -0.04167536820588615 -0.016529018394233288 0.011980993469166052
14.298160831 -0.9989209898191456 -0.04173343175949365 -0.01654136121920887 0.011897904913469376
14.338820066 -0.9989245615855658 -0.041672380516950644 -0.016519467226112822 0.011842304070621121
14.379507652 -0.9989227483546191 -0.041718660424190014 -0.016543910991370356 0.011798101591991196
14.420201256 -0.9989210620116568 -0.041764267588911566 -0.01655324692406639 0.011766385959018475
14.460884857 -0.9989248012897087 -0.04170196807056842 -0.016519065934767256 0.011717836319050712
14.501593592 -0.9989260931446093 -0.0416877554119426 -0.016505119047089983 0.011677864907714665
14.542302261 -0.9989274832264634 -0.04165619318307944 -0.016524619057593472 0.011643959349768671
14.583282105 -0.9989261871194738 -0.04167841163223725 -0.016544282334114098 0.0116477213571185
14.623680497 -0.9989282876621051 -0.04161635644819409 -0.016558158867311736 0.011669719763407745
14.66438667 -0.9989234253608054 -0.04161700346607738 -0.016549251795208164 0.012088736615486147
14.705087705 -0.9989001542407706 -0.04155617926794968 -0.016582921336701476 0.014020433030241787
14.745887879 -0.9988808284117314 -0.041384585840740756 -0.016723476863293372 0.015643912806148266
14.78664296 -0.9988784292380248 -0.04117157064850446 -0.016768875560681785 0.016296937925318784
14.827225241 -0.998874440563589 -0.04133617510702675 -0.016786960433664535 0.016104986050815298
14.868160266 -0.9988741543841799 -0.041355384585253445 -0.01672210363723196 0.016140852488054216
14.908596732 -0.9988723341189538 -0.04134836747602505 -0.016907848191620316 0.016077851484253197
14.949337827 -0.9988715547037323 -0.04142411021246081 -0.016783510573038993 0.016061571208915472
14.98993824 -0.9988738214004876 -0.041410574308194094 -0.016764123723111514 0.015975525407589636
15.030662412 -0.9988721293193688 -0.0414333333695676 -0.01682958865561059 0.015953466725429948
15.071455121 -0.9988759084843443 -0.04140809459148212 -0.016774017194625145 0.015840501855478098
15.112078346 -0.9988778764720208 -0.041378349947481484 -0.016779866440219594 0.01578784762462937
15.152880012 -0.9988819102895632 -0.0413284816031754 -0.016727294285926564 0.015718890880751738
15.19346938 -0.9988818257490171 -0.04135806420114416 -0.01670371683865103 0.015671456780359
15.234272633 -0.9988807223648605 -0.04137123556105908 -0.016747402531424257 0.015660391580556283
15.274937492 -0.998880048024121 -0.04139303334220625 -0.01676531276316326 0.01562660353416846
15.315601965 -0.9988853956089802 -0.04129757199275737 -0.016720325673439163 0.015585496333714425
15.356237134 -0.9988899318036222 -0.041207664210459266 -0.016723699683158524 0.01552901866121976
15.396933361 -0.9988909836272855 -0.04120794013440225 -0.016730249780495796 0.015453389281188216
15.437639085 -0.9988914702998163 -0.0412000859875067 -0.0167519966784468 0.015419276383103121
15.4783235 -0.9988920381460111 -0.04123117075004653 -0.016714226283047463 0.015340186662731691
15.519039883 -0.9988922682266493 -0.041246810557169854 -0.0167021379814928 0.015296263685215469
15.559794481 -0.9988878418211659 -0.04135200391290109 -0.01674733270061063 0.015251822240511007
15.600497122 -0.9988899902015814 -0.04132805296068517 -0.01673841325452626 0.015185685209564781
15.641179915 -0.9988900660460381 -0.041328609747108405 -0.016771350563937745 0.01514277950622842
15.681884321 -0.9988902674509208 -0.04134301075536113 -0.01676556877839347 0.015096514731788187
15.722520789 -0.9988932913182628 -0.041299195537051754 -0.0167549781862091 0.015027964377794937
15.763226336 -0.9988960517084512 -0.04123763499029775 -0.016773914643841297 0.014992369032123911
15.803904388 -0.998898491113502 -0.041207738539918486 -0.01675905374306364 0.014928524817666064
15.844594512 -0.9989000080408438 -0.0411847175146378 -0.016771192791256842 0.01487683002525342
15.885411931 -0.9989034517806741 -0.041122338238914216 -0.016757743086532315 0.014833252005705982
15.92610241 -0.9989035091894289 -0.0411253217225337 -0.016788719653880152 0.0147860114515754
